100 17
12 47
13 116
20 56
23 13
30 62
32 68
35 20
61 47
68 67
70 17
92 9
98 70
125 51
144 44
171 56
173 43
179 19
194 88
199 17
212 83
228 94
230 120
236 98
276 45
281 91
282 47
316 21
328 34
341 77
354 106
363 45
365 57
368 47
369 74
379 85
380 103
384 15
387 75
394 4
400 8
414 37
422 69
433 4
438 75
442 13
444 117
475 20
482 107
493 55
506 76
540 75
541 108
546 18
568 118
571 53
585 62
587 87
602 106
619 5
620 41
625 38
650 12
652 36
684 8
690 18
691 67
709 107
710 60
730 89
744 93
751 64
757 31
764 36
765 70
777 84
778 86
783 52
785 36
794 89
797 69
809 111
819 101
830 5
842 35
847 57
857 52
858 86
859 17
860 72
863 29
872 48
896 2
903 116
922 38
926 74
929 69
930 52
957 10
966 5
988 44
