200 150
21 137
98 81
146 61
157 64
142 96
154 97
128 94
190 67
177 101
182 63
154 96
133 100
176 74
162 74
183 95
148 92
133 112
137 120
187 64
144 104
160 63
173 114
172 96
188 82
178 101
154 77
183 94
153 99
182 96
135 63
162 68
182 69
138 113
193 100
145 92
179 125
132 121
160 79
190 118
186 122
149 85
155 105
190 91
131 106
159 99
160 85
176 71
146 85
153 105
183 69
143 105
180 127
169 104
136 109
195 115
159 114
130 76
130 112
192 77
181 81
141 71
147 67
168 112
139 107
133 127
172 89
172 96
158 89
145 118
151 85
158 83
181 96
192 110
132 95
170 108
145 65
145 120
137 85
193 83
159 83
181 129
176 129
131 119
190 129
139 117
151 82
134 89
132 109
140 126
176 68
161 95
161 92
175 90
170 78
174 74
147 78
172 92
164 108
145 116
130 118
142 85
147 119
162 71
132 79
137 73
153 115
148 109
184 67
135 115
152 126
191 114
172 114
138 77
160 124
193 112
145 96
166 123
144 106
141 78
159 99
157 100
181 114
190 99
143 98
155 113
135 84
161 129
161 78
171 90
142 123
178 126
182 117
157 66
148 66
180 110
163 102
187 66
155 81
171 127
181 65
185 70
192 79
195 74
171 128
153 98
180 98
145 103
153 117
182 110
130 130
