2 50 60
42 4 41 7 11 28 45 20 31 8 47 29 7 35 43 13 35 28 45 41 30 6 40 12 32 22 19 23 20 26 28 50 5 28 26 17 30 37 32 39 7 18 38 43 40 16 39 8 36 40 38 12 9 15 33 19 7 28 46 39
29 36 10 2 16 23 44 46 4 25 45 11 35 18 30 35 35 38 7 38 36 35 32 9 31 36 9 19 41 20 36 34 51 3 36 40 26 11 8 23 23 8 17 42 33 32 8 36 37 45 14 31 49 19 36 12 26 50 1 26
24 48 4 1 35 6 32 12 14 10 46 35 36 39 2 24 20 32 39 26 5 46 22 10 44 24 38 34 41 28 9 43 6 30 45 41 47 32 21 37 36 39 11 44 35 1 50 47 43 38 44 44 36 30 37 38 10 2 12 40
10 23 3 14 30 11 8 27 41 25 16 23 46 36 18 44 22 17 25 37 48 15 29 29 13 1 34 18 45 6 11 49 6 49 24 1 19 5 5 39 32 19 5 19 27 38 11 30 15 44 42 15 31 30 8 50 37 46 8 47
16 7 21 37 14 28 5 8 20 28 50 11 25 6 44 18 9 30 17 29 44 22 5 42 16 18 24 6 16 36 26 10 43 3 35 2 34 47 2 4 7 40 42 32 13 37 3 28 28 19 44 19 25 28 45 20 28 16 27 25
1 4 45 38 47 11 28 5 2 23 11 50 4 25 8 17 29 26 5 21 15 11 34 35 16 50 2 44 40 5 28 12 31 18 44 24 25 24 7 4 20 38 28 21 36 13 39 38 16 45 12 14 32 8 9 13 38 33 21 48
1 17 41 2 6 3 22 5 49 5 36 14 2 3 12 37 27 9 26 18 6 26 8 14 11 11 26 19 47 11 9 33 41 29 39 10 16 26 22 35 17 41 10 27 50 46 48 8 31 41 46 12 48 12 19 19 41 19 21 24
41 25 48 20 8 16 51 2 14 7 5 5 3 16 34 40 27 24 36 36 24 7 32 1 23 7 45 19 8 51 12 51 27 28 9 15 7 1 38 27 41 5 4 29 8 13 17 29 14 35 49 12 34 29 23 48 31 24 24 20
49 24 27 27 30 32 37 23 16 7 44 34 50 14 47 31 6 11 2 24 29 6 25 46 15 27 43 15 6 10 45 46 2 33 23 9 37 11 45 33 38 1 20 2 34 36 27 31 24 38 12 34 25 4 1 14 48 45 45 49
50 51 12 34 34 14 16 35 46 22 14 4 30 25 23 17 25 35 11 12 13 43 29 46 47 6 33 32 10 21 40 20 49 13 26 14 31 3 3 16 43 34 49 13 46 43 44 14 17 9 35 28 28 49 16 51 1 21 43 35
11 17 20 33 28 1 33 11 37 11 38 24 33 24 19 1 18 40 2 36 16 45 26 44 21 2 44 45 34 19 50 45 31 21 13 42 27 29 20 35 17 44 33 28 1 5 15 25 4 51 29 26 46 33 10 20 22 19 40 1
1 7 44 31 2 15 24 31 23 22 48 18 38 29 30 31 3 2 50 10 37 32 33 10 37 5 5 6 10 16 37 51 28 27 31 49 10 29 18 14 33 12 44 30 19 46 5 13 30 24 2 22 26 15 8 15 13 49 51 45
18 7 3 23 46 2 40 48 11 41 42 35 34 21 6 7 3 43 41 7 33 39 21 43 30 50 29 49 36 15 1 18 27 27 11 4 6 23 17 44 19 28 22 39 19 27 2 31 37 43 2 3 32 25 2 20 35 38 27 21
28 13 13 26 18 36 42 35 18 34 3 18 42 13 21 25 18 19 19 20 13 15 9 17 31 48 9 46 27 50 16 48 26 37 30 35 27 12 32 9 33 16 37 45 17 19 4 25 1 50 40 11 4 2 42 44 51 5 24 50
44 32 17 21 32 17 19 1 37 38 26 49 13 38 46 12 7 38 48 46 26 27 11 32 7 46 35 33 21 8 25 6 47 1 34 14 34 45 17 25 6 12 27 32 36 1 31 28 51 11 32 49 10 21 34 4 46 7 31 39
15 51 10 2 26 25 25 29 33 44 3 21 48 11 42 12 14 17 12 37 11 4 45 24 14 39 20 36 42 48 30 45 16 12 47 46 20 40 8 45 45 25 2 20 47 31 37 50 2 8 3 31 3 4 34 18 9 44 30 6
45 50 12 10 46 9 44 33 45 6 7 47 24 9 35 21 16 16 9 8 17 7 14 38 19 45 50 4 6 13 43 34 6 46 18 27 13 40 10 1 14 34 29 22 11 2 39 38 44 34 14 5 11 8 47 31 22 33 2 10
27 32 7 27 1 37 43 14 18 40 45 32 48 2 35 14 38 45 23 1 43 49 39 36 29 37 49 22 6 25 9 17 10 48 42 14 6 1 39 44 49 31 43 21 11 16 47 18 45 39 41 34 2 23 51 1 1 33 38 15
15 23 44 36 31 14 9 13 25 37 41 18 3 42 44 31 24 27 15 34 17 44 40 24 15 43 26 4 47 43 1 34 41 51 35 29 1 24 16 7 34 16 15 44 21 40 31 14 4 33 51 15 47 7 10 1 46 15 49 3
49 27 19 38 3 7 48 17 23 4 15 23 38 7 12 31 30 50 35 45 22 31 17 45 19 11 16 39 11 47 32 10 3 27 19 6 23 39 50 21 36 15 28 27 17 2 11 42 18 7 2 5 48 42 16 9 29 21 12 49
28 39 48 41 18 48 20 35 47 12 19 17 19 30 44 3 27 15 51 20 40 10 26 27 28 5 51 49 12 15 25 34 42 18 51 40 43 26 12 10 20 44 39 35 13 29 25 1 23 9 50 12 36 14 44 29 10 13 8 33
16 4 49 16 47 34 2 30 11 13 5 9 41 21 51 34 23 31 26 38 38 18 37 18 38 10 37 23 43 51 9 36 28 36 24 7 10 5 45 39 50 17 2 26 32 33 1 26 16 37 20 21 5 25 45 43 38 26 31 35
49 4 4 8 23 43 35 37 6 3 27 24 44 33 29 49 19 10 48 29 25 34 2 50 8 36 40 19 43 22 49 8 2 5 27 6 37 17 9 48 5 18 33 18 44 13 1 51 26 36 24 12 19 47 11 39 32 51 20 35
22 46 28 5 30 36 42 43 48 11 22 27 29 13 25 13 14 51 33 29 29 13 51 26 30 31 5 46 35 47 41 5 34 4 30 28 32 48 47 2 44 39 15 29 26 27 25 51 33 16 5 42 3 45 2 24 4 5 36 19
31 47 14 26 24 42 9 17 35 16 23 32 29 22 51 20 20 17 37 27 40 47 46 40 29 30 40 38 27 48 27 49 29 47 8 20 28 7 39 34 43 14 3 51 44 19 10 13 12 17 45 19 13 37 50 42 31 40 25 2
20 21 18 15 19 14 51 16 18 41 39 3 7 40 35 34 17 23 22 8 27 31 41 32 21 18 33 7 40 21 6 11 46 25 22 43 38 42 50 20 5 40 45 44 9 9 17 38 42 13 5 25 40 10 24 48 18 3 32 36
35 13 39 30 1 16 19 18 25 41 43 18 15 36 16 39 28 15 6 46 50 27 27 47 3 6 27 5 23 20 24 20 46 9 32 34 1 39 34 48 47 25 5 51 9 24 29 38 45 47 44 44 8 15 47 26 47 41 11 20
43 28 36 43 29 45 29 23 45 22 38 30 16 26 41 34 39 5 30 7 40 39 25 24 26 34 17 4 22 35 23 39 48 49 36 29 43 6 31 3 48 5 44 25 3 28 9 16 19 20 11 31 47 26 30 6 24 4 40 42
35 5 39 9 45 12 11 45 19 1 21 36 10 37 36 41 22 34 5 25 26 42 32 8 49 41 17 41 36 4 7 13 39 20 45 36 33 9 46 48 15 36 36 8 24 27 43 45 18 46 29 13 1 28 48 4 29 38 7 3
8 50 8 35 43 40 5 51 46 43 42 38 43 13 48 38 44 18 38 28 34 38 38 17 24 48 34 27 48 44 23 28 28 12 24 41 50 2 20 13 32 49 21 3 35 34 11 21 37 17 12 17 15 33 46 23 37 4 9 24
40 34 22 25 18 5 9 4 20 40 19 15 27 48 51 3 3 47 35 33 6 13 29 7 6 51 24 23 20 39 37 11 17 4 43 33 41 47 34 43 35 35 40 24 33 22 40 9 35 23 38 28 24 5 46 38 3 34 3 39
44 51 51 20 42 27 31 46 47 16 14 37 31 14 1 13 36 39 21 37 16 32 43 39 45 29 10 33 29 48 42 19 39 22 4 48 51 19 15 38 24 3 12 12 41 7 32 34 39 25 44 16 36 40 6 28 41 4 21 15
6 4 6 43 26 24 44 34 7 45 30 33 51 10 7 8 27 12 38 42 5 18 2 46 34 36 18 11 19 38 43 18 8 42 50 42 39 11 36 33 3 19 17 39 15 47 24 6 51 25 36 21 13 40 37 38 23 8 24 33
27 44 8 47 9 15 51 29 51 23 18 44 1 27 1 38 49 8 7 30 47 16 24 36 29 22 4 24 46 40 24 43 50 24 24 17 10 32 51 43 46 37 46 3 45 1 12 18 41 1 47 43 31 26 6 3 33 35 35 26
17 39 30 42 36 12 12 41 36 46 17 4 23 9 20 43 23 24 15 49 23 15 50 26 41 22 45 44 17 3 50 6 30 9 7 38 48 6 17 44 13 32 29 10 20 14 10 6 4 49 28 49 37 1 20 27 42 42 32 33
12 18 42 45 27 30 4 40 35 37 1 45 46 15 48 12 11 4 30 9 7 51 29 44 16 22 5 9 48 18 46 24 14 25 47 36 27 24 29 39 9 46 46 27 10 42 13 43 10 48 15 4 26 30 2 11 31 24 47 2
26 35 17 26 29 34 23 44 50 17 41 2 25 8 29 17 11 30 50 11 20 19 43 37 30 34 14 37 37 37 6 29 19 48 12 24 28 12 45 47 39 28 37 2 21 11 22 32 4 48 38 5 29 3 38 44 41 30 38 4
33 29 41 1 44 10 27 36 21 39 9 12 43 25 43 14 24 3 14 30 45 9 16 44 41 24 16 28 28 36 27 30 3 51 25 49 43 22 16 30 4 28 29 31 5 50 18 19 2 40 44 10 38 1 4 22 23 37 16 10
15 43 46 8 20 16 29 42 11 32 40 4 16 3 14 28 2 14 28 26 10 37 39 16 16 34 3 17 30 7 18 51 26 10 38 12 21 21 44 42 45 12 16 38 2 50 20 24 30 31 20 22 40 24 49 4 39 14 24 7
4 38 51 2 32 26 30 21 5 22 27 28 13 30 20 10 2 35 44 3 39 7 50 48 23 12 43 49 13 48 31 26 3 40 32 9 9 46 5 38 35 13 34 20 39 28 8 7 42 39 30 19 2 1 3 51 4 50 35 41
51 37 22 35 47 10 3 31 34 51 3 24 12 47 37 4 43 20 46 18 34 1 14 14 22 16 26 4 43 44 33 36 9 33 2 51 17 32 51 19 30 44 23 19 26 10 4 9 51 17 3 11 30 23 29 50 25 29 43 11
7 37 14 34 26 32 36 44 36 47 27 44 51 25 43 14 5 1 23 28 35 28 34 33 47 37 2 26 12 40 36 5 8 33 27 24 12 31 15 11 13 33 7 11 48 18 50 8 39 29 25 47 19 37 48 34 39 39 30 36
39 19 22 48 18 45 37 38 32 24 41 8 21 26 34 26 26 18 12 26 8 10 12 41 31 22 10 20 47 9 1 12 5 13 22 27 24 20 30 23 22 51 47 40 22 26 20 28 39 20 5 21 4 50 5 5 46 11 24 24
51 13 2 33 19 38 41 13 24 44 38 43 48 51 23 17 13 39 49 26 41 15 13 27 35 11 20 24 16 4 43 34 19 1 39 14 10 35 38 30 6 8 35 2 49 34 42 5 35 9 22 47 13 41 23 8 17 42 42 49
18 49 5 15 10 34 9 39 8 40 8 1 20 44 17 26 15 37 8 22 12 14 11 5 38 34 8 3 9 26 49 46 7 41 33 14 43 33 6 32 22 15 1 37 32 12 48 49 14 14 33 40 33 44 32 10 22 29 47 35
33 9 41 51 13 22 27 4 27 28 21 35 33 44 50 18 18 15 36 2 12 21 34 34 1 45 20 10 24 33 51 50 21 19 37 13 15 8 46 15 7 35 34 30 26 30 42 10 18 9 10 32 4 33 37 11 33 26 7 23
1 26 10 2 21 21 25 50 44 40 7 28 46 32 23 15 9 28 25 30 38 42 44 26 8 1 50 29 32 7 15 29 41 8 3 50 19 14 37 44 6 50 35 3 39 29 36 7 43 13 27 24 19 14 28 37 18 23 36 1
41 43 41 1 27 7 9 51 39 32 27 19 36 24 34 7 25 48 38 13 12 35 7 42 41 44 26 10 30 43 43 45 14 46 22 32 45 43 42 22 16 21 15 43 15 42 42 32 2 20 42 5 31 39 9 39 23 30 45 35
40 2 23 5 47 15 16 25 8 12 24 7 29 36 18 47 28 34 28 1 35 13 1 49 35 19 7 47 48 32 33 10 19 19 13 33 21 37 27 30 4 7 32 28 38 16 22 4 10 51 18 42 23 29 43 49 13 43 8 3
36 46 39 8 17 29 30 30 33 5 27 11 48 17 2 36 23 38 7 7 21 16 47 34 8 30 10 29 3 49 25 25 45 51 27 15 6 17 48 5 41 24 33 23 26 7 25 11 22 10 48 10 50 3 4 12 17 13 17 2