300
553 99 295 99
139 436 197 436
436 54 436 143
863 385 997 251
498 215 498 446
153 269 151 269
217 227 942 952
815 474 664 474
787 267 787 166
782 434 751 434
260 775 260 884
143 316 99 360
143 479 143 199
971 397 970 398
464 831 613 980
825 203 825 37
935 175 887 127
762 701 637 701
942 384 928 384
698 108 858 108
658 24 595 87
813 884 793 884
494 537 700 743
378 651 125 904
982 312 997 327
329 395 839 905
926 647 867 588
826 501 999 674
80 642 412 310
94 249 235 108
867 737 956 648
650 635 770 515
743 807 864 686
980 355 966 355
860 406 800 466
255 846 214 887
439 46 927 46
603 547 918 862
486 417 486 675
22 243 22 999
89 70 467 448
763 271 776 258
544 422 435 313
607 506 994 893
266 183 677 594
764 231 855 231
652 793 652 933
863 60 968 60
307 527 307 883
458 548 893 548
819 962 819 930
405 185 651 431
39 935 92 935
160 975 180 975
664 303 664 332
828 847 874 847
730 399 842 287
323 470 137 470
440 753 586 899
456 853 456 733
311 152 859 700
988 555 994 549
300 780 385 780
518 86 819 387
754 380 754 394
196 609 196 755
227 844 75 844
316 365 829 878
942 5 980 5
783 178 783 184
81 303 203 181
742 483 673 483
455 562 596 562
218 586 388 586
504 516 504 838
334 270 334 736
713 552 713 579
327 283 763 719
624 611 567 554
241 284 264 284
174 828 138 792
801 906 801 972
799 482 799 673
634 906 634 951
235 439 235 488
664 379 717 432
473 354 399 280
859 595 793 595
491 162 107 546
358 152 633 427
934 368 892 326
580 129 356 353
820 755 735 840
449 65 449 236
101 149 21 69
871 548 829 548
456 492 63 492
808 894 808 903
461 261 995 795
397 945 350 898
700 703 826 577
507 323 507 706
154 51 976 51
475 864 475 966
881 446 766 331
169 719 306 856
236 63 943 770
28 733 28 484
535 887 559 887
653 959 658 954
87 293 426 632
654 823 654 742
435 878 435 873
565 327 870 22
284 904 284 813
935 580 935 599
111 638 436 963
579 165 579 356
177 458 177 879
751 696 789 696
375 468 375 998
417 865 452 900
241 487 520 487
239 523 239 349
355 346 192 346
437 330 926 330
605 377 215 377
255 749 255 778
784 743 784 840
463 289 598 154
78 326 78 655
751 712 588 712
582 838 558 838
861 253 949 165
69 928 119 928
739 518 739 284
897 273 809 361
424 693 301 816
936 185 936 241
168 367 120 367
792 324 822 354
519 924 579 924
774 995 774 996
176 763 346 933
862 912 890 912
682 467 560 467
741 656 741 637
71 75 71 318
969 291 963 285
407 802 407 904
753 354 818 289
944 815 921 792
217 537 620 940
935 394 935 457
476 828 570 922
981 525 983 525
285 789 333 789
962 504 971 513
206 141 206 812
855 675 813 675
184 649 184 572
752 725 682 795
572 835 480 927
417 167 417 675
694 251 694 461
845 882 946 781
337 842 337 924
45 821 157 709
790 411 591 212
261 526 166 526
132 761 203 761
650 160 924 160
833 684 833 617
612 538 612 444
72 144 47 169
132 15 132 543
22 128 574 128
239 115 625 501
55 78 55 266
538 403 488 453
422 429 219 632
161 683 161 995
763 196 672 196
737 208 538 407
408 773 421 760
207 764 207 791
364 915 290 989
486 952 532 906
884 454 775 454
755 596 569 410
719 634 719 875
385 843 273 731
630 781 833 984
446 677 446 493
657 538 429 538
55 21 587 553
80 867 118 905
342 962 306 998
172 496 545 496
559 123 788 123
95 638 343 390
878 120 878 79
250 491 250 546
942 619 997 564
143 158 919 158
699 998 701 1000
357 454 230 327
196 716 326 586
343 751 259 835
724 191 724 195
488 996 488 998
896 628 896 644
461 928 434 901
307 528 307 925
38 557 331 850
657 350 657 281
136 883 136 922
105 298 105 826
138 242 809 913
654 87 654 98
256 872 153 769
930 405 997 405
694 18 437 18
581 768 724 768
2 327 61 268
580 756 708 884
566 358 662 454
433 66 14 485
929 925 929 915
765 124 951 310
322 268 322 659
497 57 497 236
657 784 657 731
668 951 680 951
122 319 698 895
515 101 515 563
399 999 400 1000
991 170 1000 179
242 731 89 884
453 574 453 306
523 992 515 984
406 123 345 62
677 252 851 252
979 304 975 300
883 830 961 830
723 905 646 828
80 851 52 851
128 811 212 727
740 656 740 830
850 110 914 46
71 370 510 809
842 251 707 251
308 886 308 860
320 506 320 493
249 151 249 475
740 403 848 295
847 914 862 899
63 329 454 720
945 246 950 251
624 125 624 33
132 508 608 508
163 808 163 969
493 31 730 268
847 544 847 592
293 856 267 856
77 584 210 717
24 315 604 895
752 470 932 290
671 382 523 234
581 509 581 160
991 155 987 155
912 60 966 6
894 387 851 344
650 443 444 649
911 336 914 333
214 911 164 961
678 615 467 826
471 75 471 12
168 556 115 503
656 761 656 875
658 763 634 739
139 29 656 29
595 440 478 323
186 202 186 601
321 9 321 516
561 223 561 182
291 289 311 309
46 168 836 958
692 614 692 785
411 765 411 547
626 378 626 659
955 676 955 662
257 715 257 984
815 111 815 154
370 41 370 396
840 37 789 88
716 633 815 732
659 361 777 361
74 45 74 482
178 365 178 233
